Ordenación por inserción: 
	Vector de entrada ordenado:
	      n				  t(n)		     t(n)/n^0.8		         t(n)/n		     t(n)/n^1.2
(*)	     500		         3.4635		 0.024007071643		 0.006927000000		 0.001998716450
(*)	    1000		         3.8160		 0.015191769628		 0.003816000000		 0.000958535862
(*)	    2000		         7.5560		 0.017276984862		 0.003778000000		 0.000826144383
(*)	    4000		        15.1150		 0.019849983882		 0.003778750000		 0.000719343232
(*)	    8000		        30.2310		 0.022802398104		 0.003778875000		 0.000626245371
(*)	   16000		        61.0615		 0.026452789900		 0.003816343750		 0.000550583877
(*)	   32000		       122.1005		 0.030380677861		 0.003815640625		 0.000479222796
(*)	   64000		       244.3970		 0.034926244617		 0.003818703125		 0.000417522517
(*)	  128000		       488.9590		 0.040133262772		 0.003819992187		 0.000363597159
	  256000		       977.0000		 0.046057736569		 0.003816406250		 0.000316232576
	  512000		      1956.0000		 0.052960598172		 0.003820312500		 0.000275578224
	 1024000		      3928.0000		 0.061084568982		 0.003835937500		 0.000240885984
	 2048000		      7859.0000		 0.070194539123		 0.003837402344		 0.000209783509

	Vector de entrada ordenado al revés:
	      n				  t(n)		     t(n)/n^1.8		     t(n)/n^2.0		     t(n)/n^2.2
(*)	     500		       355.7145		 0.004931233426		 0.001422858000		 0.000410551421
	    1000		      1398.0000		 0.005565538244		 0.001398000000		 0.000351161723
	    2000		      5578.0000		 0.006377118949		 0.001394500000		 0.000304938682
	    4000		     22279.0000		 0.007314551619		 0.001392437500		 0.000265071913
	    8000		     89043.0000		 0.008395330680		 0.001391296875		 0.000230569476
	   16000		    358364.0000		 0.009703053069		 0.001399859375		 0.000201957699
	   32000		   1436054.0000		 0.011166081928		 0.001402396484		 0.000176133035
	   64000		   5770876.0000		 0.012885989985		 0.001408905273		 0.000154044359

	Vector de entrada aleatorio:
	      n				  t(n)		     t(n)/n^1.8		     t(n)/n^2.0		     t(n)/n^2.2
(*)	     500		       181.2915		 0.002513225367		 0.000725166000		 0.000209239384
	    1000		       690.0000		 0.002746939477		 0.000690000000		 0.000173320164
	    2000		      2870.0000		 0.003281163748		 0.000717500000		 0.000156897458
	    4000		     11332.0000		 0.003720476635		 0.000708250000		 0.000134826290
	    8000		     44394.0000		 0.004185644129		 0.000693656250		 0.000114954587
	   16000		    180294.0000		 0.004881635014		 0.000704273438		 0.000101605522
	   32000		    717059.0000		 0.005575514250		 0.000700252930		 0.000087947792
	   64000		   2919034.0000		 0.006518012671		 0.000712654785		 0.000077918971
	  128000		  11555408.0000		 0.007409814552		 0.000705286133		 0.000067131036



 (*) Tiempo promedio en 2000 ejecuciones del algoritmo

Ordenación de Shell: 
	Vector de entrada ordenado:
	      n				  t(n)		     t(n)/n^0.8		         t(n)/n^1.01		     t(n)/n^1.2
(*)	     500		        16.3650		 0.113433153582		 0.003430583699		 0.009443913584
(*)	    1000		        37.2350		 0.148235204956		 0.003486903077		 0.009353009128
(*)	    2000		        83.4945		 0.190912283291		 0.003528400495		 0.009128971968
(*)	    4000		       185.3705		 0.243440386183		 0.003564666140		 0.008822032061
(*)	    8000		       407.6900		 0.307509168831		 0.003592612530		 0.008445435990
	   16000		       898.0000		 0.389027543221		 0.003647957958		 0.008097153222
	   32000		      1948.0000		 0.484695480149		 0.003666806507		 0.007645554326
	   64000		      4195.0000		 0.599498341511		 0.003675360421		 0.007166646719
	  128000		      8987.0000		 0.737643918068		 0.003679245197		 0.006682866386
	  256000		     19168.0000		 0.903617906398		 0.003679664772		 0.006204243614
	  512000		     40751.0000		 1.103372871227		 0.003679635526		 0.005741353893
	 1024000		     86512.0000		 1.345353419489		 0.003684571779		 0.005305378881
	 2048000		    182437.0000		 1.629479721845		 0.003674164166		 0.004869865642

	Vector de entrada ordenado al revés:
	      n				  t(n)		     t(n)/n^1		    t(n)/n^1.08		     t(n)/n^1.3
(*)	     500		        23.5055		 0.047011000000		 0.028594459321		 0.007286324152
(*)	    1000		        53.0680		 0.053068000000		 0.030537446595		 0.006680865375
(*)	    2000		       118.3700		 0.059185000000		 0.032220275704		 0.006052052033
(*)	    4000		       261.9115		 0.065477875000		 0.033723277574		 0.005438468020
	    8000		       574.0000		 0.071750000000		 0.034960264236		 0.004840552216
	   16000		      1264.0000		 0.079000000000		 0.036416440413		 0.004329034994
	   32000		      2726.0000		 0.085187500000		 0.037150432568		 0.003791673032
	   64000		      5869.0000		 0.091703125000		 0.037834651468		 0.003315355801
	  128000		     12544.0000		 0.098000000000		 0.038251571150		 0.002877816411
	  256000		     26727.0000		 0.104402343750		 0.038552367313		 0.002490223108
	  512000		     56748.0000		 0.110835937500		 0.038720325740		 0.002147334050
	 1024000		    120303.0000		 0.117483398437		 0.038828669055		 0.001848785447
	 2048000		    253613.0000		 0.123834472656		 0.038719983439		 0.001582860252

	Vector de entrada aleatorio:
	      n				  t(n)		     t(n)/n^1.0		     t(n)/n^1.24		     t(n)/n^1.4
(*)	     500		        58.1415		 0.116283000000		 0.026167571929		 0.009681178462
(*)	    1000		       134.9765		 0.134976500000		 0.025719241860		 0.008516441401
(*)	    2000		       309.3960		 0.154698000000		 0.024959593042		 0.007397290951
	    4000		       706.0000		 0.176500000000		 0.024112948123		 0.006396180532
	    8000		      1608.0000		 0.201000000000		 0.023251686594		 0.005520266730
	   16000		      3622.0000		 0.226375000000		 0.022173776588		 0.004711730808
	   32000		      8258.0000		 0.258062500000		 0.021403702477		 0.004070660743
	   64000		     19072.0000		 0.298000000000		 0.020928257505		 0.003562413062
	  128000		     43900.0000		 0.342968750000		 0.020395021049		 0.003107209691
	  256000		    102833.0000		 0.401691406250		 0.020226230347		 0.002758014559
	  512000		    243975.0000		 0.476513671875		 0.020316578711		 0.002479518662
	 1024000		    586377.0000		 0.572633789062		 0.020673070277		 0.002258171843
	 2048000		   1463205.0000		 0.714455566406		 0.021840171064		 0.002135223022



 (*) Tiempo promedio en 2000 ejecuciones del algoritmo

