Ordenación de Shell: 
	Vector de entrada ordenado:
	      n				  t(n)		     t(n)/n^0.8	  t(n)/(n^1.01*log2(n))		     t(n)/n^1.2
(*)	     500		        17.3290		 0.120115069870		 0.003632666356		 0.010000218668
(*)	    1000		        37.2730		 0.148386485680		 0.003490461619		 0.009362554296
(*)	    2000		        83.5540		 0.191048331544		 0.003530914910		 0.009135477473
(*)	    4000		       185.4540		 0.243550043719		 0.003566271841		 0.008826005939
(*)	    8000		       408.0280		 0.307764112781		 0.003595591026		 0.008452437774
	   16000		       898.0000		 0.389027543221		 0.003647957958		 0.008097153222
	   32000		      1946.0000		 0.484197846186		 0.003663041819		 0.007637704681
	   64000		      4197.0000		 0.599784157168		 0.003677112679		 0.007170063476
	  128000		      8987.0000		 0.737643918068		 0.003679245197		 0.006682866386
	  256000		     19160.0000		 0.903240770377		 0.003678129018		 0.006201654197
	  512000		     40765.0000		 1.103751934813		 0.003680899665		 0.005743326334
	 1024000		     86535.0000		 1.345711093900		 0.003685551356		 0.005306789364
	 2048000		    182480.0000		 1.629863786635		 0.003675030158		 0.004871013458

	Vector de entrada ordenado al revés:
	      n				  t(n)		     t(n)/n^1.0		    t(n)/n^1.09		     t(n)/n^1.3
(*)	     500		        23.6750		 0.047350000000		 0.027065289882		 0.007338866406
(*)	    1000		        53.0160		 0.053016000000		 0.028471277716		 0.006674318963
(*)	    2000		       118.3650		 0.059182500000		 0.029860742825		 0.006051796392
(*)	    4000		       261.4810		 0.065370250000		 0.030988085577		 0.005429528892
	    8000		       572.0000		 0.071500000000		 0.031844024030		 0.004823686180
	   16000		      1259.0000		 0.078687500000		 0.032925694859		 0.004311910647
	   32000		      2724.0000		 0.085125000000		 0.033465215567		 0.003788891174
	   64000		      5865.0000		 0.091640625000		 0.033847909007		 0.003313096230
	  128000		     12540.0000		 0.097968750000		 0.033996849257		 0.002876898740
	  256000		     26708.0000		 0.104328125000		 0.034014164316		 0.002488452829
	  512000		     56731.0000		 0.110802734375		 0.033940339446		 0.002146690774
	 1024000		    120329.0000		 0.117508789062		 0.033817644527		 0.001849185008
	 2048000		    253622.0000		 0.123838867188		 0.033483995505		 0.001582916423

	Vector de entrada aleatorio:
	      n				  t(n)		     t(n)/n^1.0		    t(n)/n^1.24		     t(n)/n^1.4
(*)	     500		        58.0970		 0.116194000000		 0.026147543946		 0.009673768738
(*)	    1000		       135.0670		 0.135067000000		 0.025736486279		 0.008522151565
(*)	    2000		       309.6870		 0.154843500000		 0.024983068593		 0.007404248415
	    4000		       705.0000		 0.176250000000		 0.024078793806		 0.006387120786
	    8000		      1609.0000		 0.201125000000		 0.023266146599		 0.005523699732
	   16000		      3641.0000		 0.227562500000		 0.022290094025		 0.004736447231
	   32000		      8250.0000		 0.257812500000		 0.021382967478		 0.004066717259
	   64000		     19248.0000		 0.300750000000		 0.021121387398		 0.003595287679
	  128000		     44140.0000		 0.344843750000		 0.020506520025		 0.003124196714
	  256000		    101995.0000		 0.398417968750		 0.020061404065		 0.002735539126
	  512000		    245521.0000		 0.479533203125		 0.020445319076		 0.002495230664
	 1024000		    593367.0000		 0.579459960937		 0.020919506889		 0.002285090739
	 2048000		   1467727.0000		 0.716663574219		 0.021907667589		 0.002141821877



 (*) Tiempo promedio en 1000 ejecuciones del algoritmo

