Ordenación por inserción: 
	Vector de entrada ordenado:
	      n				  t(n)		     t(n)/n^0.8		         t(n)/n		     t(n)/n^1.2
(*)	     500		         2.4045		 0.016666667754		 0.004809000000		 0.001387588770
(*)	    1000		         3.7850		 0.015068356405		 0.003785000000		 0.000950749014
(*)	    2000		         7.5675		 0.017303279902		 0.003783750000		 0.000827401749
(*)	    4000		        15.1195		 0.019855893569		 0.003779875000		 0.000719557393
(*)	    8000		        30.2200		 0.022794101111		 0.003777500000		 0.000626017503
(*)	   16000		        60.9600		 0.026408818524		 0.003810000000		 0.000549668664
(*)	   32000		       129.0940		 0.032120779422		 0.004034187500		 0.000506671042
(*)	   64000		       244.3350		 0.034917384332		 0.003817734375		 0.000417416597
(*)	  128000		       487.0990		 0.039980595844		 0.003805460938		 0.000362214035
	  256000		       979.0000		 0.046152020574		 0.003824218750		 0.000316879930
	  512000		      1959.0000		 0.053041826084		 0.003826171875		 0.000276000890
	 1024000		      3930.0000		 0.061115671105		 0.003837890625		 0.000241008635
	 2048000		      7843.0000		 0.070051631294		 0.003829589844		 0.000209356415

	Vector de entrada ordenado al revés:
	      n				  t(n)		     t(n)/n^1.8		     t(n)/n^2.0		     t(n)/n^2.2
(*)	     500		       353.3805		 0.004898877425		 0.001413522000		 0.000407857611
	    1000		      1411.0000		 0.005617292177		 0.001411000000		 0.000354427175
	    2000		      5637.0000		 0.006444571444		 0.001409250000		 0.000308164101
	    4000		     22521.0000		 0.007394004085		 0.001407562500		 0.000267951190
	    8000		     90000.0000		 0.008485560473		 0.001406250000		 0.000233047548
	   16000		    358084.0000		 0.009695471798		 0.001398765625		 0.000201799904
	   32000		   1433545.0000		 0.011146573121		 0.001399946289		 0.000175825304
	   64000		   5763865.0000		 0.012870334879		 0.001407193604		 0.000153857212

	Vector de entrada aleatorio:
	      n				  t(n)		     t(n)/n^1.8		     t(n)/n^2.0		     t(n)/n^2.2
(*)	     500		       182.7255		 0.002533104761		 0.000730902000		 0.000210894449
	    1000		       731.0000		 0.002910163417		 0.000731000000		 0.000183618898
	    2000		      2884.0000		 0.003297169424		 0.000721000000		 0.000157662811
	    4000		     11230.0000		 0.003686988405		 0.000701875000		 0.000133612711
	    8000		     45198.0000		 0.004261448470		 0.000706218750		 0.000117036479
	   16000		    187115.0000		 0.005066320208		 0.000730917969		 0.000105449528
	   32000		    718230.0000		 0.005584619397		 0.000701396484		 0.000088091416
	   64000		   2881357.0000		 0.006433882385		 0.000703456299		 0.000076913244
	  128000		  11610606.0000		 0.007445209835		 0.000708655151		 0.000067451709



 (*) Tiempo promedio en 2000 ejecuciones del algoritmo

Ordenación de Shell: 
	Vector de entrada ordenado:
	      n				  t(n)		     t(n)/n^0.8		         t(n)/n^1.01		     t(n)/n^1.2
(*)	     500		        16.3710		 0.113474742273		 0.003431841475		 0.009447376064
(*)	    1000		        37.2500		 0.148294921031		 0.003488307765		 0.009356776957
(*)	    2000		        83.5335		 0.191001457776		 0.003530048599		 0.009133236080
(*)	    4000		       185.3945		 0.243471904517		 0.003565127659		 0.008823174254
(*)	    8000		       436.1090		 0.328944825994		 0.003843044122		 0.009034145169
	   16000		       897.0000		 0.388594327694		 0.003643895644		 0.008088136347
	   32000		      1944.0000		 0.483700212222		 0.003659277130		 0.007629855036
	   64000		      4193.0000		 0.599212525854		 0.003673608164		 0.007163229963
	  128000		      8989.0000		 0.737808076056		 0.003680063990		 0.006684353615
	  256000		     19165.0000		 0.903476480390		 0.003679088864		 0.006203272582
	  512000		     40778.0000		 1.104103922429		 0.003682073507		 0.005745157887
	 1024000		     86515.0000		 1.345400072673		 0.003684699550		 0.005305562857
	 2048000		    182498.0000		 1.630024557942		 0.003675392667		 0.004871493940

	Vector de entrada ordenado al revés:
	      n				  t(n)		     t(n)/n^1		    t(n)/n^1.08		     t(n)/n^1.3
(*)	     500		        23.5215		 0.047043000000		 0.028613923333		 0.007291283893
(*)	    1000		        53.0910		 0.053091000000		 0.030550681713		 0.006683760904
(*)	    2000		       118.3185		 0.059159250000		 0.032206257421		 0.006049418928
(*)	    4000		       280.0635		 0.070015875000		 0.036060498103		 0.005815385687
	    8000		       573.0000		 0.071625000000		 0.034899357852		 0.004832119198
	   16000		      1261.0000		 0.078812500000		 0.036330008988		 0.004318760386
	   32000		      2726.0000		 0.085187500000		 0.037150432568		 0.003791673032
	   64000		      5862.0000		 0.091593750000		 0.037789525798		 0.003311401551
	  128000		     12551.0000		 0.098054687500		 0.038272916893		 0.002879422335
	  256000		     26717.0000		 0.104363281250		 0.038537942811		 0.002489291382
	  512000		     56755.0000		 0.110849609375		 0.038725101983		 0.002147598929
	 1024000		    120355.0000		 0.117534179688		 0.038845452433		 0.001849584570
	 2048000		    253824.0000		 0.123937500000		 0.038752197546		 0.001584177154

	Vector de entrada aleatorio:
	      n				  t(n)		     t(n)/n^1.0		     t(n)/n^1.24		     t(n)/n^1.4
(*)	     500		        58.0810		 0.116162000000		 0.026140342874		 0.009671104568
(*)	    1000		       135.0535		 0.135053500000		 0.025733913907		 0.008521299772
(*)	    2000		       310.1585		 0.155079250000		 0.025021105439		 0.007415521420
	    4000		       703.0000		 0.175750000000		 0.024010485171		 0.006369001295
	    8000		      1618.0000		 0.202250000000		 0.023396286635		 0.005554596747
	   16000		      3647.0000		 0.227937500000		 0.022326825847		 0.004744252418
	   32000		      8320.0000		 0.260000000000		 0.021564398718		 0.004101222739
	   64000		     19040.0000		 0.297500000000		 0.020893142979		 0.003556435859
	  128000		     44432.0000		 0.347125000000		 0.020642177113		 0.003144864259
	  256000		    102602.0000		 0.400789062500		 0.020180794940		 0.002751819064
	  512000		    244735.0000		 0.477998046875		 0.020379866342		 0.002487242544
	 1024000		    598863.0000		 0.584827148438		 0.021113271642		 0.002306256153
	 2048000		   1474427.0000		 0.719935058594		 0.022007673498		 0.002151599041



 (*) Tiempo promedio en 2000 ejecuciones del algoritmo

